0 0.427288 0.550523 0.063725 0.097561
0 0.530229 0.552265 0.063725 0.101045
0 0.730392 0.557491 0.032680 0.111498
0 0.866013 0.545296 0.032680 0.101045
0 0.230392 0.566202 0.032680 0.101045
0 0.100490 0.555749 0.031046 0.094077
0 0.446895 0.740418 0.031046 0.101045
0 0.159314 0.754355 0.011438 0.121951
0 0.118464 0.756098 0.017974 0.125436
0 0.746732 0.749129 0.022876 0.125436
0 0.806373 0.752613 0.017974 0.125436
1 0.845588 0.778746 0.017974 0.142857
1 0.526144 0.790941 0.032680 0.146341
1 0.218137 0.785714 0.024510 0.135889
