2 0.9358806610107422 0.6484792828559875 0.4188498556613922 0.09713973850011826 0.16115951538085938
2 0.9345229864120483 0.10982610285282135 0.4026344418525696 0.07835829257965088 0.13816070556640625
2 0.9229772686958313 0.6500483155250549 0.6982436180114746 0.09904718399047852 0.18467220664024353
2 0.9022906422615051 0.3404916822910309 0.42857131361961365 0.09139623492956161 0.09699088335037231
2 0.8967755436897278 0.4999329149723053 0.4709892272949219 0.0819634422659874 0.12430742383003235
2 0.8921826481819153 0.33226245641708374 0.6941835284233093 0.06796922534704208 0.17580227553844452
2 0.8217447400093079 0.886744499206543 0.7019215822219849 0.050650786608457565 0.15437079966068268
2 0.7729029655456543 0.3967559039592743 0.6960928440093994 0.0281827449798584 0.17196163535118103
2 0.7635219693183899 0.8016177415847778 0.704809308052063 0.05543212965130806 0.15575188398361206
2 0.7528480887413025 0.10688532888889313 0.689408004283905 0.07763354480266571 0.09818857163190842
0 0.6290968060493469 0.4958926737308502 0.721097469329834 0.052339743822813034 0.2059522420167923
2 0.4322543442249298 0.27383139729499817 0.6989033818244934 0.027602244168519974 0.16556976735591888
