2 0.9549773335456848 0.6304720044136047 0.36736756563186646 0.02922344207763672 0.1217326670885086
2 0.9410818815231323 0.481754869222641 0.36560824513435364 0.03108043596148491 0.12223485112190247
2 0.9387521147727966 0.7779738306999207 0.36796680092811584 0.029372787103056908 0.12184473872184753
2 0.9346998929977417 0.3202270567417145 0.6726754307746887 0.0558687224984169 0.21807877719402313
2 0.920097827911377 0.1476559191942215 0.6700192093849182 0.0555662140250206 0.21351046860218048
2 0.8895930647850037 0.23702669143676758 0.3300129473209381 0.03635969012975693 0.1473246067762375
2 0.8820481896400452 0.7781084179878235 0.6370018720626831 0.040231894701719284 0.12682868540287018
2 0.8588424324989319 0.6770852208137512 0.6548158526420593 0.04346294328570366 0.1644248068332672
0 0.8560988903045654 0.48919543623924255 0.6868101954460144 0.06860246509313583 0.2080022245645523
2 0.8069671988487244 0.5767020583152771 0.6559052467346191 0.0438474640250206 0.16512484848499298
2 0.49830198287963867 0.8625728487968445 0.7449023723602295 0.03313178941607475 0.09592387080192566
2 0.37247422337532043 0.8880220651626587 0.6672341823577881 0.07955054938793182 0.13663142919540405
