0 0.9854364991188049 0.5271757245063782 0.7866807579994202 0.034914396703243256 0.14850904047489166
2 0.9435405731201172 0.7454768419265747 0.7441922426223755 0.026844024658203125 0.12162712961435318
2 0.9319241642951965 0.5303174257278442 0.5548674464225769 0.0612797737121582 0.10537584125995636
2 0.9193859696388245 0.43020063638687134 0.5541837811470032 0.06246471405029297 0.10809512436389923
2 0.9024122953414917 0.8068032264709473 0.7445487976074219 0.02534503862261772 0.12365484982728958
2 0.8935691118240356 0.23113436996936798 0.5576440691947937 0.03214092180132866 0.1063469797372818
2 0.8566425442695618 0.1012253612279892 0.5573721528053284 0.032947372645139694 0.10462214052677155
2 0.8308184742927551 0.8658803701400757 0.5521637201309204 0.035516928881406784 0.10676015168428421
2 0.7430495023727417 0.42999058961868286 0.7486717104911804 0.07024125754833221 0.1269039511680603
2 0.703399658203125 0.7328230142593384 0.5543087720870972 0.06484317779541016 0.10838309675455093
2 0.6672036051750183 0.11805246770381927 0.748072624206543 0.019764209166169167 0.12404446303844452
2 0.6352812647819519 0.056693606078624725 0.7449003458023071 0.022721122950315475 0.12190958857536316
2 0.6229907870292664 0.1609155237674713 0.7495795488357544 0.017792511731386185 0.12440016120672226
