2 0.9373582005500793 0.4419631361961365 0.48378583788871765 0.0871981605887413 0.31431224942207336
2 0.840059757232666 0.9099754095077515 0.489618182182312 0.1800491362810135 0.2998780906200409
2 0.7637844681739807 0.8905477523803711 0.11779937893152237 0.12936095893383026 0.14303724467754364
2 0.7180898189544678 0.5478082895278931 0.4837173521518707 0.08839912712574005 0.31154921650886536
2 0.7043803930282593 0.49351996183395386 0.48319175839424133 0.19704802334308624 0.3153873085975647
2 0.4726366102695465 0.48503169417381287 0.18957902491092682 0.16255435347557068 0.1657654196023941
2 0.3436987102031708 0.8922587633132935 0.7640035152435303 0.21548251807689667 0.26707711815834045
2 0.3347572982311249 0.08797013759613037 0.25527223944664 0.17594027519226074 0.14477187395095825
2 0.31543564796447754 0.08903408795595169 0.4819495379924774 0.17806817591190338 0.31256765127182007
2 0.2771957516670227 0.9102115631103516 0.4192151427268982 0.17957687377929688 0.4530577063560486
2 0.2614896595478058 0.08930293470621109 0.18380817770957947 0.17860586941242218 0.2918998599052429
2 0.2564659118652344 0.4936874508857727 0.1591808795928955 0.09222412109375 0.10223104804754257
