0 0.50234375 0.725 0.0671875 0.22083333333333333
2 0.10859375 0.40347222222222223 0.083203125 0.13680555555555557
2 0.10546875 0.6861111111111111 0.080078125 0.10555555555555556
2 0.33828125 0.42569444444444443 0.08828125 0.09305555555555556
2 0.330859375 0.6972222222222222 0.0671875 0.17083333333333334
2 0.39296875 0.6972222222222222 0.027734375 0.17083333333333334
2 0.273046875 0.6958333333333333 0.026171875 0.15555555555555556
2 0.49921875 0.46597222222222223 0.076953125 0.11805555555555555
2 0.648828125 0.4131944444444444 0.101171875 0.15555555555555556
2 0.648046875 0.6944444444444444 0.099609375 0.18333333333333332
2 0.80625 0.6986111111111111 0.0375 0.15555555555555556
2 0.886328125 0.6958333333333333 0.05390625 0.14930555555555555