1 0.184765625 0.6409722222222223 0.05234375 0.09305555555555556
0 0.6578125 0.5930555555555556 0.063671875 0.13541666666666666
2 0.3609375 0.37222222222222223 0.065234375 0.05625
2 0.3 0.56875 0.034375 0.11041666666666666
2 0.41171875 0.5666666666666667 0.0359375 0.11041666666666666
2 0.553125 0.575 0.0671875 0.10833333333333334
2 0.55078125 0.4041666666666667 0.065234375 0.08611111111111111
2 0.6578125 0.4125 0.030859375 0.08333333333333333
2 0.73125 0.4173611111111111 0.034375 0.07847222222222222
2 0.81875 0.4201388888888889 0.0359375 0.08333333333333333
2 0.734375 0.5833333333333334 0.030859375 0.10555555555555556
2 0.82265625 0.5833333333333334 0.034375 0.10555555555555556