0 0.9465022683143616 0.6302706599235535 0.3657791018486023 0.028813529759645462 0.11833669990301132
0 0.9336548447608948 0.777599573135376 0.3662920594215393 0.029495786875486374 0.12090034037828445
0 0.9277072548866272 0.48152005672454834 0.36463692784309387 0.030179591849446297 0.12094395607709885
0 0.922287106513977 0.14735764265060425 0.6678259968757629 0.05492210388183594 0.21356308460235596
0 0.9074174761772156 0.3201957046985626 0.673151969909668 0.05588798224925995 0.21886301040649414
0 0.9056978821754456 0.23722553253173828 0.328596293926239 0.03658369556069374 0.14794893562793732
0 0.8917384743690491 0.7779130935668945 0.6379724740982056 0.04051293432712555 0.12612482905387878
0 0.8916143178939819 0.6770530343055725 0.6557861566543579 0.04246531054377556 0.16629309952259064
0 0.8736635446548462 0.5767057538032532 0.6561344265937805 0.042842939496040344 0.16580885648727417
1 0.44580236077308655 0.49001461267471313 0.6925055980682373 0.06672918051481247 0.1941157430410385
0 0.43208807706832886 0.8868593573570251 0.6940892338752747 0.08388613909482956 0.19702842831611633
0 0.4294027090072632 0.8616170287132263 0.6954466104507446 0.03629716858267784 0.19368351995944977
0 0.41291874647140503 0.4911838173866272 0.6677902936935425 0.054039400070905685 0.1220247745513916
0 0.3610920011997223 0.9048952460289001 0.6667435169219971 0.046253278851509094 0.13956491649150848
0 0.3160087466239929 0.9115578532218933 0.690791666507721 0.03593903407454491 0.18893207609653473
0 0.2738916873931885 0.9608680605888367 0.7055339217185974 0.05337414890527725 0.18391625583171844
0 0.25606995820999146 0.8694295287132263 0.6939840912818909 0.050284191966056824 0.19456087052822113
