2 0.9631344079971313 0.4180450439453125 0.5624949336051941 0.18114261329174042 0.17987631261348724
2 0.9300060272216797 0.26341956853866577 0.5621376037597656 0.07758493721485138 0.1513795703649521
0 0.8996885418891907 0.7071769833564758 0.5132037401199341 0.06860148161649704 0.11718114465475082
0 0.8844150900840759 0.15330298244953156 0.5294145941734314 0.04141189157962799 0.0867529958486557
1 0.8334154486656189 0.5975558161735535 0.5571234822273254 0.037412263453006744 0.1430254876613617
0 0.7249792218208313 0.4921487867832184 0.3134308159351349 0.058062173426151276 0.09842964261770248
0 0.7207829356193542 0.38576212525367737 0.3194742798805237 0.05085716396570206 0.0882318839430809
0 0.6280298829078674 0.5974625945091248 0.3086877167224884 0.040102384984493256 0.10356134176254272
1 0.25842422246932983 0.26417481899261475 0.5637490749359131 0.07761617004871368 0.14862993359565735
1 0.258077472448349 0.9210182428359985 0.5789697766304016 0.056756846606731415 0.10054869204759598
