0 0.961139440536499 0.3094055950641632 0.6042971611022949 0.1027427613735199 0.1271095722913742
0 0.9461995959281921 0.31031379103660583 0.3134441673755646 0.0879296213388443 0.12065689265727997
0 0.9210554361343384 0.5024461150169373 0.37009721994400024 0.08403538912534714 0.10037396103143692
0 0.886221170425415 0.8660309314727783 0.5292903780937195 0.05692485719919205 0.11115915328264236
0 0.8788156509399414 0.15013912320137024 0.6084634065628052 0.03930697590112686 0.12240144610404968
0 0.8758427500724792 0.692854642868042 0.3609851896762848 0.027847738936543465 0.07697131484746933
0 0.8694952130317688 0.6143549084663391 0.3632586598396301 0.026288600638508797 0.07856111228466034
0 0.8524103164672852 0.46723198890686035 0.5588981509208679 0.03826884180307388 0.1401858627796173
0 0.8360236883163452 0.5441157817840576 0.5577688217163086 0.03833087533712387 0.14130865037441254
0 0.4322740435600281 0.6507251262664795 0.2606135904788971 0.04828374460339546 0.03535214439034462
1 0.27840563654899597 0.6213096976280212 0.5662163496017456 0.036911409348249435 0.15520061552524567
