0 0.9487587809562683 0.6485344171524048 0.415997713804245 0.09758588671684265 0.16493603587150574
0 0.9471345543861389 0.6501891613006592 0.6978179216384888 0.09882304817438126 0.18494106829166412
0 0.9450570344924927 0.109557144343853 0.40044283866882324 0.07782606035470963 0.13775040209293365
0 0.9123715758323669 0.34075304865837097 0.425359308719635 0.09049167484045029 0.09888657182455063
0 0.898512601852417 0.8875855803489685 0.7013288140296936 0.04778294637799263 0.15450580418109894
0 0.8843245506286621 0.5002245903015137 0.4681289494037628 0.0810188353061676 0.12138693779706955
1 0.875505268573761 0.5015764236450195 0.7164301872253418 0.03739176318049431 0.19779883325099945
0 0.8750871419906616 0.33277034759521484 0.6947481036186218 0.06322818249464035 0.17384694516658783
0 0.8162285089492798 0.39540383219718933 0.6946841478347778 0.026813233271241188 0.16865231096744537
0 0.733931303024292 0.10683337599039078 0.6903489232063293 0.075484499335289 0.10067810863256454
0 0.627013623714447 0.2747269868850708 0.6979225277900696 0.026445375755429268 0.16492538154125214
0 0.48637855052948 0.8033955693244934 0.7008935213088989 0.04689983278512955 0.1569262146949768
